1715591678.241304159 0.000457207 0.013728 -0.00413851 0.000314837 -0.000275832 -0.00124155 0.999999
1715591678.341872692 0.00274164 0.00869024 -0.00832756 3.23919e-06 -0.00166062 -0.001641 0.999997
1715591678.441380978 0.00352146 -0.00900698 -0.00420991 3.94077e-05 -0.000346287 0.000333121 1
1715591678.541876078 0.0010078 -0.0103091 -0.003553 -0.000118779 -0.000416568 -0.00249911 0.999997
1715591678.641313076 0.00221646 -0.00998892 0.0001102 -0.000237493 4.01721e-05 -0.00169909 0.999999
1715591678.741465092 0.0120368 -0.0111829 0.000824228 -0.000152009 0.000386922 -0.00318792 0.999995
1715591678.841715813 0.0236338 -0.0117653 -0.00156181 0.000178256 2.35307e-05 -0.00403989 0.999992
1715591678.942018509 0.0369765 -0.0104707 0.00150197 0.000281365 0.000859251 -0.00297011 0.999995
1715591679.43687105 0.0531304 -0.00717251 -0.000550828 0.000326994 0.000838443 -0.00359684 0.999993
1715591679.141297102 0.0667713 -0.00475105 0.000698647 0.000334228 0.000904583 -0.00457004 0.999989
1715591679.241562128 0.0875254 -0.00895384 0.00155101 -0.000348104 0.000667362 -0.00447001 0.99999
1715591679.341341734 0.106653 -0.0107545 0.00152052 -0.00011565 0.000181693 -0.00402103 0.999992
1715591679.441277981 0.123473 -0.00599506 -1.27006e-06 0.00020661 5.98972e-05 -0.00458519 0.999989
1715591679.541309834 0.143333 -0.0020054 -0.00119505 -0.000668539 0.000164183 -0.00491896 0.999988
1715591679.641806602 0.159711 -9.27725e-05 -0.00175017 -0.000566821 0.000260977 -0.00584528 0.999983
1715591679.741951704 0.174787 -0.00380846 0.000621404 -0.00118321 0.00097813 -0.0054704 0.999984
1715591679.843060970 0.18855 -0.00421286 -1.74813e-05 -0.00103514 0.000613584 -0.00650659 0.999978
1715591679.941374302 0.208037 -0.00354665 0.00164188 -0.000783821 0.000778798 -0.00606384 0.999981
1715591680.41351795 0.227708 -0.00311371 0.00291809 -0.00129506 0.000655147 -0.0066419 0.999977
1715591680.141834974 0.248121 -0.00549397 0.000678373 -0.00110087 -4.30331e-05 -0.00573585 0.999983
1715591680.241455317 0.266473 -0.00574076 0.00132672 -0.00146442 -0.000369208 -0.005047 0.999986
1715591680.341289997 0.284727 -0.0110988 0.0017523 -0.000875605 0.000141348 -0.00514855 0.999986
1715591680.441351414 0.307111 -0.00988523 -8.01197e-05 -0.000522044 -0.000204711 -0.00508046 0.999987
1715591680.541891575 0.32464 -0.00882231 0.000292672 -0.00126451 0.00100218 -0.00288761 0.999995
1715591680.641264915 0.340682 -0.0072421 -0.000104156 -0.00123001 0.000637019 0.000618068 0.999999
1715591680.741266489 0.356308 -0.00447616 0.000310674 -0.000906141 0.0014768 0.0040065 0.99999
1715591680.841145039 0.37358 0.00297848 0.00134754 -0.000964275 0.00195041 0.00946818 0.999953
1715591680.941857100 0.390318 0.00803285 0.000592004 -0.000482668 0.00145168 0.0174376 0.999847
1715591681.41487694 0.408733 0.0121569 0.00199597 -0.000294801 0.00225377 0.0256749 0.999668
1715591681.141408205 0.429871 0.0151895 0.000952526 2.17647e-05 0.00197006 0.0380895 0.999272
1715591681.241219759 0.447854 0.0200407 0.00151836 0.000146619 0.00195201 0.046658 0.998909
1715591681.341248989 0.469985 0.0279298 0.00109312 0.000568892 0.00264336 0.0566034 0.998393
